odom: 0.378932
imu: -0.00141122
