right_shoulder_pan_joint: -0.0359928
right_shoulder_lift_joint: -0.0224407
right_arm_half_joint: 0.0495306
right_elbow_joint: -0.00795377
right_wrist_spherical_1_joint: -0.0554929
right_wrist_spherical_2_joint: 0.0311877
checkerboard_x: -0.000216652
checkerboard_y: 0.0665971
checkerboard_z: -0.211615
checkerboard_a: 0.0347058
checkerboard_b: -0.0275342
checkerboard_c: -1.53451
depth_info: depth_2019_02_12_16_31_04.yaml
rgb_info: rgb_2019_02_12_16_31_04.yaml
urdf: calibrated_2019_02_12_16_31_04.urdf
