image_width: 1920
image_height: 1080
camera_name: ""
camera_matrix:
  rows: 3
  cols: 3
  data: [1090.987157147173, 0, 971.2647047259651, 0, 1086.21998342873, 514.04270982944, 0, 0, 1]
distortion_model: plumb_bob
distortion_coefficients:
  rows: 1
  cols: 5
  data: [0.0444810169214365, -0.1016135069486805, -0.005821429768894286, 0.001910964909523165, 0.008549886202131946]
rectification_matrix:
  rows: 3
  cols: 3
  data: [1, 0, 0, 0, 1, 0, 0, 0, 1]
projection_matrix:
  rows: 3
  cols: 4
  data: [1090.987157147173, 0, 971.2647047259651, 0, 0, 1086.21998342873, 514.04270982944, 0, 0, 0, 1, 0]