right_shoulder_pan_joint: 0.138989
right_shoulder_lift_joint: -0.0673479
right_arm_half_joint: 0.0296755
right_elbow_joint: 0.599281
right_wrist_spherical_1_joint: 1.16315
right_wrist_spherical_2_joint: -0.322674
right_wrist_3_joint: -0.00642615
pan_joint: -0.395879
tilt_joint: -0.356013
kinect2_joint: 0
checkerboard_x: -0.124761
checkerboard_y: -0.217582
checkerboard_z: -0.464085
checkerboard_a: -0.99475
checkerboard_b: 2.30318
checkerboard_c: -1.9361
depth_info: depth_2019_02_11_17_31_34.yaml
rgb_info: rgb_2019_02_11_17_31_34.yaml
urdf: calibrated_2019_02_11_17_31_34.urdf
