%YAML:1.0
rotation: !!opencv-matrix
   rows: 3
   cols: 3
   dt: d
   data: [ 9.9949706637915225e-01, -7.0696205262100655e-03,
       -3.0913342832565791e-02, 7.4002200842562937e-03,
       9.9991650804903520e-01, 1.0593095568736282e-02,
       3.0835872651393009e-02, -1.0816533485326978e-02,
       9.9946593316690280e-01 ]
translation: !!opencv-matrix
   rows: 3
   cols: 1
   dt: d
   data: [ -3.5191005631724878e-02, 3.5811341188597182e-03,
       1.4748478553584448e-02 ]
essential: !!opencv-matrix
   rows: 3
   cols: 3
   dt: d
   data: [ 1.2854084322579432e-06, -1.4785982631448339e-02,
       3.4229895110903848e-03, 1.5826206415997822e-02,
       -4.8491083751067194e-04, 3.4716286509007939e-02,
       -3.8397542327716452e-03, -3.5162750206734469e-02,
       -2.6207685907108947e-04 ]
fundamental: !!opencv-matrix
   rows: 3
   cols: 3
   dt: d
   data: [ 8.6088506341202175e-09, -9.9653704809686054e-05,
       2.8866651969541711e-02, 1.0645907879856455e-04,
       -3.2825171036118109e-06, 5.9280524995428317e-02,
       -8.2788961477535714e-02, -1.6007322762773660e-01, 1. ]
