%YAML:1.0
depthShift: -8.0215951512935710e+00
