%YAML:1.0
cameraMatrix: !!opencv-matrix
   rows: 3
   cols: 3
   dt: d
   data: [ 3.6366606661660489e+02, 0., 2.4725011414109855e+02, 0.,
       3.6137953120386453e+02, 2.0603078560003820e+02, 0., 0., 1. ]
distortionCoefficients: !!opencv-matrix
   rows: 1
   cols: 5
   dt: d
   data: [ 9.1875428209461221e-02, -3.1698854292693607e-01,
       7.8204361474789295e-04, 1.0432557362250144e-04,
       1.4576211280166809e-01 ]
rotation: !!opencv-matrix
   rows: 3
   cols: 3
   dt: d
   data: [ 1., 0., 0., 0., 1., 0., 0., 0., 1. ]
projection: !!opencv-matrix
   rows: 4
   cols: 4
   dt: d
   data: [ 3.6366606661660489e+02, 0., 2.4725011414109855e+02, 0., 0.,
       3.6137953120386453e+02, 2.0603078560003820e+02, 0., 0., 0., 1.,
       0., 0., 0., 0., 1. ]
