%YAML:1.0
cameraMatrix: !!opencv-matrix
   rows: 3
   cols: 3
   dt: d
   data: [ 1.0909871571471726e+03, 0., 9.7126470472596509e+02, 0.,
       1.0862199834287303e+03, 5.1404270982944001e+02, 0., 0., 1. ]
distortionCoefficients: !!opencv-matrix
   rows: 1
   cols: 5
   dt: d
   data: [ 4.4481016921436502e-02, -1.0161350694868052e-01,
       -5.8214297688942863e-03, 1.9109649095231649e-03,
       8.5498862021319462e-03 ]
rotation: !!opencv-matrix
   rows: 3
   cols: 3
   dt: d
   data: [ 1., 0., 0., 0., 1., 0., 0., 0., 1. ]
projection: !!opencv-matrix
   rows: 4
   cols: 4
   dt: d
   data: [ 1.0909871571471726e+03, 0., 9.7126470472596509e+02, 0., 0.,
       1.0862199834287303e+03, 5.1404270982944001e+02, 0., 0., 0., 1.,
       0., 0., 0., 0., 1. ]
