%YAML:1.0
depthShift: -1.2722995114395237e+01
