%YAML:1.0
rotation: !!opencv-matrix
   rows: 3
   cols: 3
   dt: d
   data: [ 9.9733448567095573e-01, 4.3726725626855060e-03,
       -7.2834081487376717e-02, 1.7127179045808776e-02,
       9.5628385565120355e-01, 2.9193808788645748e-01,
       7.0926605934466536e-02, -2.9240736508427367e-01,
       9.5365997578544170e-01 ]
translation: !!opencv-matrix
   rows: 3
   cols: 1
   dt: d
   data: [ 8.7346353210870746e-03, -8.5257029831755426e-02,
       5.1026747741543177e-01 ]
essential: !!opencv-matrix
   rows: 3
   cols: 3
   dt: d
   data: [ -1.4786434204967261e-02, -4.6303076726822756e-01,
       -2.3027272867219784e-01, 5.0828783410533562e-01,
       4.7853042973363047e-03, -4.5494735139236284e-02,
       8.5179375660131229e-02, 8.7255918176777133e-03,
       -3.6596447241141086e-03 ]
fundamental: !!opencv-matrix
   rows: 3
   cols: 3
   dt: d
   data: [ 8.5342258004940565e-07, 2.7532926881671390e-05,
       -3.7380590747436776e-03, -2.9429361236461475e-05,
       -2.8544506441477710e-07, 8.4896817742015074e-03,
       8.7187112300270587e-03, -2.7623568137583633e-02, 1. ]
