camera_fx: -2.21846
camera_fy: -122491
camera_cx: 0.701698
camera_cy: -165820
camera_z_offset: -0.900392
camera_z_scaling: -1.57865
right_shoulder_pan_joint: 1.07816
right_shoulder_lift_joint: 1.65624
right_arm_half_joint: 0.841986
right_elbow_joint: -0.163937
right_wrist_spherical_1_joint: 0.330384
right_wrist_spherical_2_joint: 1.24342
right_wrist_3_joint: 0.32314
pan_joint: -1.86406
tilt_joint: -3.91975
checkerboard_x: -0.154933
checkerboard_y: -0.113372
checkerboard_z: -0.365457
checkerboard_a: -0.412617
checkerboard_b: 2.20787
checkerboard_c: -3.30231
depth_info: depth_2019_02_11_17_07_21.yaml
rgb_info: rgb_2019_02_11_17_07_21.yaml
urdf: calibrated_2019_02_11_17_07_21.urdf
