%YAML:1.0
cameraMatrix: !!opencv-matrix
   rows: 3
   cols: 3
   dt: d
   data: [ 9.7179240822725399e+02, 0., 9.9003128218904783e+02, 0.,
       9.6873068242425950e+02, 4.8730971201990695e+02, 0., 0., 1. ]
distortionCoefficients: !!opencv-matrix
   rows: 1
   cols: 5
   dt: d
   data: [ 1.7587580549608774e-02, -9.4333100138160930e-02,
       -2.6076494313600567e-03, 2.4116022373437290e-03,
       4.3300367203948163e-02 ]
rotation: !!opencv-matrix
   rows: 3
   cols: 3
   dt: d
   data: [ 1., 0., 0., 0., 1., 0., 0., 0., 1. ]
projection: !!opencv-matrix
   rows: 4
   cols: 4
   dt: d
   data: [ 9.7179240822725399e+02, 0., 9.9003128218904783e+02, 0., 0.,
       9.6873068242425950e+02, 4.8730971201990695e+02, 0., 0., 0., 1.,
       0., 0., 0., 0., 1. ]
