%YAML:1.0
cameraMatrix: !!opencv-matrix
   rows: 3
   cols: 3
   dt: d
   data: [ 1.6672933786818803e+02, 0., 2.7153749876255381e+02, 0.,
       1.6183414884467490e+02, 2.0783292057742284e+02, 0., 0., 1. ]
distortionCoefficients: !!opencv-matrix
   rows: 1
   cols: 5
   dt: d
   data: [ 2.5815113901402806e-03, 3.5562256673911309e-02,
       3.4652034362944652e-02, 2.1483348423499606e-03,
       -9.1941175630524900e-03 ]
rotation: !!opencv-matrix
   rows: 3
   cols: 3
   dt: d
   data: [ 1., 0., 0., 0., 1., 0., 0., 0., 1. ]
projection: !!opencv-matrix
   rows: 4
   cols: 4
   dt: d
   data: [ 1.6672933786818803e+02, 0., 2.7153749876255381e+02, 0., 0.,
       1.6183414884467490e+02, 2.0783292057742284e+02, 0., 0., 0., 1.,
       0., 0., 0., 0., 1. ]
